[ClassWeights]
background = 1.4950543610940945
car = 13.207140888906824
pedestrain = 38.38765297717864
bicycle = 44.134505510463406
num_images = 367

