[ClassWeights]
background = 1.517397882468374
car = 11.077506071394389
pedestrain = 40.03968732068541
bicycle = 37.08170260119555

