[ClassWeights]
background = 1.464784966186875
car = 17.190045752802916
pedestrain = 48.85173138321424
bicycle = 49.959849393156105

