[ClassWeights]
background = 1.4330875695933936
car = 33.23459070119156
pedestrain = 50.35397171173412
bicycle = 50.29838720516927

