[data_stats]
x = 11.039820671081543,9.86385440826416
y = 0.2792844772338867,5.77895450592041
z = -1.206329345703125,0.7780160307884216
i = 0.2770635187625885,0.13213303685188293
d = 12.244806289672852,10.235837936401367

