[data_stats]
x = 12.502538681030273,11.16028881072998
y = 0.9067336320877075,6.890839099884033
z = -1.2926021814346313,0.7675992250442505
i = 0.2730167508125305,0.12844379246234894
d = 13.945625305175781,11.70258903503418

