[data_stats]
x = 11.839466094970703,11.4098539352417
y = 0.5709564685821533,6.302780628204346
z = -1.2468055486679077,0.862462043762207
i = 0.24903276562690735,0.14940953254699707
d = 13.099479675292969,11.87900161743164

